i1:
  j_xyz: 0.0 0.0 2.0
  j_rpy: 0.0 -0.0 1.57
  l_xyz: 0.0 0.0 1.0
  l_rpy: 0.0 -0.0 1.57
  l_len: 0.0
i3:
  j_xyz: 0.00318530684293 3.99999873173 0.0
  j_rpy: 0.0 -0.0 1.57
  l_xyz: 0.00159265342147 1.99999936586 0.0
  l_rpy: 0.0 -0.0 1.57
  l_len: 4.0
i2:
  j_xyz: 0.00159265342147 1.99999936586 0.0
  j_rpy: 0.0 -0.0 1.57
  l_xyz: 0.000796326710733 0.999999682932 0.0
  l_rpy: 0.0 -0.0 1.57
  l_len: 2.0
